banglore voterid Db pincode values:
560037
560092
560087
561204
562110
562149
560060
560065
560090
562130
560091
560059
562123
560083
560068
560053
560035
560057
562114
560076
562111
560073
560045
560099
560082
562135
562125
561203
560058
560103
560023
562145
560064
560088
560066
562122
562157
560056
560094
560002
560097
560015
562148
560049
560067
560062
560024
562106
560100
562109
562152
560026
560048
562107
560061
560051
560036
560017
560077
562129
560013
560078
560050
560014
560089
562158
560063
561205
562132
535536
